4 0.3902
5 0.4102
6 0.4451
7 0.4680
8 0.4912
9 0.5121
10 0.5311
11 0.5482
12 0.5636
13 0.5778
14 0.5908
15 0.6027
16 0.6137
17 0.6237
18 0.6330
19 0.6417
20 0.6498
21 0.6574
22 0.6645
23 0.6713
24 0.6776
25 0.6839
26 0.6893 
27 0.6946
28 0.6996
29 0.7047
30 0.7091
31 0.7136
32 0.7177
33 0.7216
34 0.7256
35 0.7292
36 0.7328
37 0.7363
38 0.7396
39 0.7429
40 0.7461
41 0.7491
42 0.7521
43 0.7550
44 0.7576
45 0.7603
46 0.7628
47 0.7653
48 0.7667
49 0.7698
50 0.7718
51 0.7739
52 0.7759
53 0.7779
54 0.7799
55 0.7817
56 0.7836
57 0.7853
58 0.7872
59 0.7891
60 0.7906
